$ANSIBLE_VAULT;1.1;AES256
66303531396539396133356231396636613934366638343162393066303530333436386264393336
3737393534626632303638666132353331396539626263340a636133626438333039396131306538
62303634656261303035356432303163366162663462343164323535316264336636643335373032
3437643666353435300a323162313562666433323037373066373332386266383838646465303337
39633136373733383663393366356135346439346139616334343336336564643736613133623566
66363037393263336334633865346539646664323766373532366466626536383634316532353634
63343337633436663565633237316164653034373634326465376136386466376665616537383865
32653162336433646263323032393836373461633933353061303765643639336131663366636564
34343736663937653061613231323061366161386665626132633262616162303236393830633939
64623261373839613365323831663562366230646566333838326339623464646537666237633532
62613762643165373535313535613934353036623863663831646462366231333239333631663538
39383032633166353430613965386436653764366438646163336330666534666138353039663064
33623466313964303338613837353338363163646161396236633036336435356435343638623231
38303835363866643463353062616539633436306364343330353963663337356536333134616330
38316661363837653236323231623237393939383461626235373131623834343935323461633533
37376361303930373862376665313634663831623064376665386630383565313563373833346538
36373961643734313434643762383836346535316465346137353733613764616337636236323539
32316435616332326630303131623732366135653734306636646639333437316336663932633638
35613630356165333139376438613233656239336634326239346634666338633862363135313331
38626237636232363061653061643033663034303835373263616537393830396138623134643235
33336133653861633963356466626563306364316463313438363734326132313361306530346665
65343838633235613365653063393931633064626338353235636131303431343634356262333662
65323430306466636361656634353766643061303062306564333437316136366438336163646435
66343461616537353131393466363435333232663331363831386135613366653931373466336136
3530
